 <pre>

 Contingency table for Low clouds (octas)
 Selection: METCOOP    232 stations
Period: 20240901-20240920
Used {00,06,12,18} + 01 02 ... 12
 Limits    1.00000000       2.00000000       3.00000000       4.00000000       5.00000000       6.00000000       7.00000000    
 Each class is data <= limit, the very last > last limit
 Total number of values      174420
                                              OBSERVATION
                                 102094     2601     1977     1580     1486     1115     2159     5633 |    118645
                                   2679      361      348      322      270      214      517      900 |      5611
                                   1706      272      238      191      226      172      430      685 |      3920
                     MNWC_prod     1404      263      266      182      215      165      373      654 |      3522
                                   1248      256      255      183      185      159      391      687 |      3364
                                   1103      261      237      205      216      194      462      782 |      3460
                                   1282      319      297      261      279      277      623     1262 |      4600
                                   4347     1574     1631     1526     1728     1729     4438    14325 |     31298

                    SUM          115863     5907     5249     4450     4605     4025     9393    24928 |    174420
                                              OBSERVATION
                                  99629     2492     1878     1512     1435     1062     2194     5988 |    116190
                                   3278      380      367      286      290      232      516      936 |      6285
                                   1930      278      279      210      226      211      399      702 |      4235
                   MNWC2_preop     1551      231      222      182      177      157      370      651 |      3541
                                   1385      250      243      200      176      162      374      698 |      3488
                                   1292      268      240      206      202      178      427      785 |      3598
                                   1671      347      356      298      317      260      634     1260 |      5143
                                   5127     1661     1664     1556     1782     1763     4479    13908 |     31940

                    SUM          115863     5907     5249     4450     4605     4025     9393    24928 |    174420

