 <pre>

 Contingency table for Cloud base (m)
 Selection: METCOOP    236 stations
Period: 20240901-20240920
Used {00,06,12,18} + 01 02 ... 12
 Limits    70.0000000       150.000000       300.000000       600.000000       1000.00000       1500.00000       2500.00000       5000.00000    
 Each class is data <= limit, the very last > last limit
 Total number of values      170402
                                                       OBSERVATION
                                   3545      854      259      132       42       33       28       75     2079 |      7047
                                    600      755      544      143       37       23       12       22      162 |      2298
                                    316     1239     2059      841      115       38       57       26      151 |      4842
                                    225      682     2439     2891      719      250      189       95      453 |      7943
                     MNWC_prod      152      315     1077     1818     2315      904      460      222      790 |      8053
                                    208      279      734     1064     1555     2601     1303      367     1516 |      9627
                                    237      290      611      764      740     1233     3070     1303     1228 |      9476
                                    269      307      575      686      551      619     1701     5737     1918 |     12363
                                   4653     1397     1859     2740     2795     3766     3966     6972    80605 |    108753

                    SUM           10205     6118    10157    11079     8869     9467    10786    14819    88902 |    170402
                                                       OBSERVATION
                                   3109      677      244       91       25       21       31       80     2000 |      6278
                                    728      729      438      134       33       15       22       35      203 |      2337
                                    450     1124     1865      738      149       61       64       51      331 |      4833
                                    295      765     2579     2862      771      317      244      185      491 |      8509
                   MNWC2_preop      213      371     1071     1892     2322     1024      507      273      975 |      8648
                                    212      328      721     1075     1450     2560     1357      368     1790 |      9861
                                    268      311      665      808      780     1253     2956     1343     1591 |      9975
                                    326      355      640      705      652      646     1880     5716     2476 |     13396
                                   4604     1458     1934     2774     2687     3570     3725     6768    79045 |    106565

                    SUM           10205     6118    10157    11079     8869     9467    10786    14819    88902 |    170402

