 <pre>

 Contingency table for Visibility (m)
 Selection: METCOOP    267 stations
Period: 20240901-20240920
Used {00,06,12,18} + 00 01 ... 12
 Limits    1000.00000       5000.00000       10000.0000       20000.0000    
 Each class is data <= limit, the very last > last limit
 Total number of values      242901
                                     OBSERVATION
                                   3634     1291      788      981     1648 |      8342
                                   2504     2609     2736     2902     3850 |     14601
                     MNWC_prod     1922     2148     3134     5001     9633 |     21838
                                   1584     2322     3901    10461    32462 |     50730
                                   1281     2176     3883    23789   116261 |    147390

                    SUM           10925    10546    14442    43134   163854 |    242901
                                     OBSERVATION
                                   3118     1063      632      923     1394 |      7130
                                   2533     2483     2579     2915     3745 |     14255
                   MNWC2_preop     1922     2240     3286     5067     9582 |     22097
                                   1828     2409     3965    10580    33083 |     51865
                                   1524     2351     3980    23649   116050 |    147554

                    SUM           10925    10546    14442    43134   163854 |    242901

